726366 64676778 658786 816868,
886784k 82818585736476k 7378 85817767 73767678678585 86728481877172 u72736572 857267 726385 826385856766, 637866 8581, 8168
658187848567, k81878485 726366 8681 6467 85636584736873656766 63768581. 24k 63 65878473818785 657263786567 k8187 65637767
87828178 726784 86846785856785. 467267 776378 7378 867267 84816366 u6385 87786681876486676676k 85817767 688473677866 8168
72678485-82818585736476k 726784 6168736378656761-637866 7881 6681876486, 6385 k8187 u818467 867267 71738476'85 6684678585
637866 u678467 8581 76737567 726784, 7267 u6385 658178887378656766 68848177 k818784 7663877172866784, u72677867886784 7267
8563u k8187, 637866 6368866784u63846685 68848177 k818784 71678586878467, 86726386 37738585 4487656385867667 u6385
8267846867658676k 72638282k, 637866 86726386 857267 7881 768178716784 66678573846766 727385 63868667788673817885. 467267 668171
7385 766786 7681818567 6386 7873717286 8681 82846788677886 727377 68848177 677866676388818784737871 8681 6581777787787365638667
u738672 726784. 4581 77876572 7385 6863738476k 6576676384. 467267 77818586 85678473818785 8281737886 7378 867267 65638567
7385 867267 6673858281857386738178 8168 867267 6572737666."

"51726386 8178 6763848672 726385 86726386 8681 6681 u738672 738621" 33 67746365877663866766.

"37k 66676384 516386858178, k8187 6385 63 77676673656376 776378 638467 65817886737887637676k 71637378737871 7673717286 6385
8681 867267 86677866677865736785 8168 63 6572737666 64k 867267 85868766k 8168 867267 82638467788685. 268178'86 k8187 856767
86726386 867267 6581788867848567 7385 678387637676k 8863767366. 33 72638867 688467838767788676k 716373786766 77k 6873848586
84676376 73788573717286 73788681 867267 657263846365866784 8168 82638467788685 64k 85868766k737871 8672677384 6572737666846778.
46727385 6572737666'85 6673858281857386738178 7385 636478818477637676k 6584876776, 7767846776k 688184 658487677686k'85
85637567, 637866 u726786726784 7267 66678473886785 86727385 68848177 727385 85777376737871 686386726784, 6385 33 857281877666
85878582676586, 8184 68848177 727385 778186726784, 7386 6481666785 67887376 688184 867267 82818184 71738476 u7281 7385 7378
8672677384 8281u6784."

"33 6377 85878467 86726386 k8187 638467 8473717286, 3784. 328176776785," 6584736766 818784 657673677886. "23
8672818785637866 867273787185 65817767 64636575 8681 7767 u72736572 77637567 7767 65678486637378 86726386 k8187 72638867 727386
7386. 4172, 766786 8785 76818567 788186 6378 73788586637886 7378 6484737871737871 72677682 8681 86727385 82818184
6584676386878467."

"5167 77878586 6467 6573846587778582676586, 688184 u67 638467 66676376737871 u738672 63 886784k 65877878737871 776378. 5167
656378 6681 78818672737871 8778867376 8567886778 81'6576816575. 2386 86726386 72818784 u67 8572637676 6467 u738672 k8187,
637866 7386 u737676 788186 6467 76817871 646768818467 u67 8581768867 867267 77k85866784k."

5167 u678467 6385 71818166 6385 818784 u818466, 688184 7386 u6385 74878586 8567886778 u726778 u67 84676365726766 867267
258182826784 24676765726785, 726388737871 828786 8782 818784 86846382 6386 63 u63k85736667 828764767365-7281878567. 467267
7184818782 8168 8684676785, u738672 8672677384 66638475 766763886785 85727378737871 76737567 648784787385726766 7767866376 7378
867267 7673717286 8168 867267 85678686737871 858778, u678467 85876868736573677886 8681 77638475 867267 7281878567 67886778
726366 37738585 328778866784 788186 64676778 8586637866737871 85777376737871 8178 867267 66818184-85866782.

"32638867 k8187 77637863716766 738621" 6385756766 328176776785.

23 76818766 8672876666737871 7881738567 65637767 68848177 85817767u72678467 6681u78858663738485. "46726386 7385 378485.
468176766784 7378 867267 656776766384," 85637366 857267. "326784 72878564637866 76736785 85788184737871 8178 867267
75738665726778 848771. 32678467 638467 727385 7567k85, u72736572 638467 867267 66878276736563866785 8168 3784.
4487656385867667'85."

"538187 72638867 66817867 u677676 737866676766!" 6584736766 328176776785 u738672 67788672878573638577. "3881u 76676366
867267 u63k, 637866 u67 8572637676 85818178 856767 867267 677866 8168 86727385 6476636575 6487857378678585."

5167 826385856766 8782 867267 8586637384, 8778768165756766 867267 66818184, 6881767681u6766 8178 6681u78 63 82638585637167,
637866 6881877866 818784856776886785 7378 6884817886 8168 867267 646384847365636667 u72736572 37738585 328778866784 726366
666785658473646766. 328176776785 658786 867267 65818466 637866 84677781886766 867267 86846378858867848567 646384. 46726778 7267
8684736766 867267 88638473818785 7567k85 7378 867267 76816575, 648786 u738672818786 85876565678585. 3881 8581877866 65637767
68848177 u7386727378, 637866 6386 867267 85737667786567