W15 231114 15521543554523243422 121521354315 5144, 5315 231114 34354523243422 121521354315 5144, 5315 53154315 113232 2235243422 142443151345 4535 H1511521534, 
5315 53154315 113232 2235243422 142443151345 452315 3545231543 531155- 2434 4423354345, 452315 411543243514 531144 4435 211143 32243115 452315 41431544153445 411543243514, 
45231145 44353315 3521 244544 3435244424154445 1151452335432445241544 2434442444451514 3534 244544 1215243422 4315131524521514, 213543 22353514 3543 213543 15522432, 
2434 452315 4451411543321145245215 141522431515 3521 13353341114324443534 35343255.

T23154315 53154315 11 31243422 53244523 11 3211432215 251153 113414 11 4251151534 53244523 11 4132112434 21111315, 3534 452315 452343353415 3521 E342232113414; 
4523154315 53154315 11 31243422 53244523 11 3211432215 251153 113414 11 4251151534 53244523 11 21112443 21111315, 3534 452315 452343353415 3521 F4311341315. 
I34 12354523 133551344543241544 2445 531144 13321511431543 45231134 13435544451132 4535 452315 3235431444 3521 452315 S45114515 414315441543521544 3521 323511521544 113414 212444231544, 
45231145 452324342244 2434 22153415431132 53154315 44154545321514 213543 15521543.

I45 531144 452315 55151143 3521 O5143 L354314 353415 4523355144113414 4415521534 23513414431514 113414 44155215344555-21245215. 
S4124432445511132 4315521532114524353444 53154315 1335341315141514 4535 E342232113414 1145 45231145 2111523551431514 411543243514, 
1144 1145 45232444. M4344. S3551452313354545 231114 4315131534453255 1145451124341514 231543 21245215-113414-455315344524154523 12321544441514 1224434523141155, 
3521 53233533 11 414335412315452413 41432452114515 2434 452315 L242115 G5111431444 231114 2315431132141514 452315 44511232243315 11414115114311341315 1255 11343435513413243422 
45231145 114343113422153315344544 53154315 33111415 213543 452315 44531132323553243422 5141 3521 L3534143534 113414 W15444533243444451543. E521534 452315 C351331-32113415 2223354445 
231114 12151534 32112414 35343255 11 4335513414 1435z1534 3521 5515114344, 1121451543 43114141243422 355145 244544 3315444411221544, 
1144 452315 44412443244544 3521 45232444 52154355 55151143 32114445 41114445 (4451411543341145514311323255 141521241324153445 2434 3543242224341132244555) 431141411514 355145 452315244344. 
M154315 3315444411221544 2434 452315 15114345233255 3543141543 3521 155215344544 231114 321145153255 13353315 4535 452315 E342232244423 C43355334 113414 P1535413215, 
21433533 11 1335342243154444 3521 B432445244423 4451122515134544 2434 A331543241311: 5323241323, 44454311342215 4535 431532114515, 23115215 414335521514 33354315 243341354345113445 
4535 452315 2351331134 43111315 45231134 113455 1335333351342413114524353444 551545 4315131524521514 45234335512223 113455 3521 452315 1323241331153444 3521 452315 C351331-32113415 1243353514.

F4311341315, 32154444 2111523551431514 3534 452315 5323353215 1144 4535 33114545154344 444124432445511132 45231134 231543 442444451543 3521 452315 442324153214 113414 45432414153445, 
433532321514 53244523 155413151514243422 44333535452334154444 14355334 23243232, 331131243422 4111411543 3335341555 113414 4441153414243422 2445. 
U34141543 452315 2251241411341315 3521 231543 C2343244445241134 41114445354344, 442315 1534451543451124341514 23154344153221, 12154424141544, 
53244523 44511323 235133113415 111323241552153315344544 1144 44153445153413243422 11 5535514523 4535 23115215 232444 2311341444 135145 352121, 
232444 453534225115 45354334 355145 53244523 41243413154344, 113414 232444 12351455 125143341514 1132245215, 12151311514415 2315 231114 343545 31341515321514 14355334 2434 452315 
43112434 4535 1435 233534355143 4535 11 1424434555 41433513154444243534 3521 3335343144 5323241323 411144441514 532445232434 232444 52241553, 1145 11 1424444511341315 3521 44353315 2124214555 3543 
4424544555 5511431444. I45 2444 322431153255 153435512223 45231145, 433535451514 2434 452315 5335351444 3521 F4311341315 113414 N3543531155, 4523154315 53154315 22433553243422 4543151544, 
53231534 45231145 4451212115431543 531144 415145 4535 1415114523, 11324315111455 331143311514 1255 452315 W353514331134, F114515, 
4535 13353315 14355334 113414 1215 44115334 24344535 123511431444, 4535 33113115 11 13154345112434 33355211123215 214311331553354331 53244523 11 44111331 113414 11 3134242115 2434 2445, 
4515434324123215 2434 23244445354355. I45 2444 322431153255 153435512223 45231145 2434 452315 4335512223 355145233551441544 3521 44353315 45243232154344 3521 452315 2315115255 
3211341444 1114251113153445 4535 P11432444, 4523154315 53154315 442315324515431514 21433533 452315 53151145231543 45231145 52154355 141155, 43511415 1311434544, 
1215444111454515431514 53244523 435144452413 33244315, 44345121211514 1112355145 1255 41242244, 113414 43353544451514 2434 1255 41355132454355, 5323241323 452315 F1143331543, 
D15114523, 231114 11324315111455 441545 1141114345 4535 1215 232444 4551331243243244 3521 452315 R155235325145243534. 
B5145 45231145 W353514331134 113414 45231145 F1143331543, 452335512223 45231555 53354331 5134131511442434223255, 53354331 4424321534453255, 
113414 3435 353415 2315114314 45231533 1144 45231555 53153445 1112355145 53244523 33512121321514 4543151114: 452315 431145231543, 
213543114433511323 1144 4535 153445154345112434 113455 445144412413243534 45231145 45231555 53154315 1153113115, 531144 4535 1215 1145231524444524131132 113414 45431124453543355144.

I34 E342232113414, 4523154315 531144 4413114313153255 1134 113335513445 3521 3543141543 113414 41433545151345243534 4535 25514445242155 33511323 3411452435341132 1235114445243422. 
D1143243422 12514322321143241544 1255 1143331514 331534, 113414 23242223531155 433512121543241544, 45353531 4132111315 2434 452315 13114124451132 244544153221 1552154355 3424222345; 
2111332432241544 53154315 4151123224133255 131151452435341514 343545 4535 2235 355145 3521 45355334 53244523355145 4315333552243422 4523152443 215143342445514315 4535 
514123353244451543154344' 53114315233551441544 213543 4415135143244555; 452315 23242223531155331134 2434 452315 14114331 531144 11 C244555 454311141544331134 2434 452315 3224222345, 
113414, 1215243422 43151335223424441514 113414 13231132321534221514 1255 232444 211532323553-454311141544331134 53233533 2315 44453541411514 2434 232444 132311431113451543 3521 "452315 C114145112434," 
221132321134453255 44233545 232433 45234335512223 452315 23151114 113414 43351415 11531155; 452315 33112432 531144 53115532112414 1255 4415521534 43351212154344, 
113414 452315 2251114314 44233545 4523431515 14151114, 113414 45231534 223545 44233545 14151114 23243344153221 1255 452315 3545231543 21355143, "2434 1335344415425115341315 3521 
452315 21112432514315 3521 232444 11333351342445243534:" 1121451543 5323241323 452315 33112432 531144 433512121514 2434 4115111315; 45231145 3311223424212413153445 413545153445114515, 
452315 L354314 M11553543 3521 L3534143534, 531144 33111415 4535 4445113414 113414 14153224521543 3534 T514334231133 G43151534, 1255 353415 23242223531155331134, 532335 141544413524321514 
452315 2432325144454324355144 1343151145514315 2434 4424222345 3521 113232 232444 43154524345115; 414324443534154344 2434 L3534143534 2211353244 213551222345 12114545321544 53244523 4523152443 
4551433431155544, 113414 452315 33112515444555 3521 452315 321153 2124431514 12325134141543125144441544 2434 1133353422 45231533, 323511141514 53244523 433551341444 3521 44233545 113414 12113232; 
45232415521544 44342441411514 352121 14241133353414 13433544441544 21433533 452315 3415133144 3521 3435123215 3235431444 1145 C35514345 14431153243422-4335353344; 33514431154515154344 53153445 
24344535 S45. G24321544'44, 4535 441511431323 213543 13353445431112113414 2235351444, 113414 452315 333512 2124431514 3534 452315 33514431154515154344, 
113414 452315 33514431154515154344 2124431514 3534 452315 333512, 113414 343512351455 45233551222345 113455 3521 4523154415 3513135143431534131544 33511323 355145 3521 452315 133533333534 531155. 
I34 452315 3324144445 3521 45231533, 452315 23113422331134, 15521543 12514455 113414 15521543 5335434415 45231134 51441532154444, 531144 2434 1335344445113445 4315425124442445243534; 
343553, 444543243422243422 5141 32353422 43355344 3521 33244413153232113415355144 134324332434113244; 343553, 23113422243422 11 233551441512431511311543 3534 S11455143141155 532335 231114 12151534 
4511311534 3534 T511544141155; 343553, 12514334243422 411535413215 2434 452315 23113414 1145 N155322114515 1255 452315 1435z1534, 113414 343553 12514334243422 411133412332154544 1145 452315 
14353543 3521 W15444533243444451543 H113232; 4535-141155, 451131243422 452315 32242115 3521 1134 114543351324355144 3351431415431543, 113414 4535-333543433553 3521 11 5343154513231514 
4124322115431543 532335 231114 433512121514 11 211143331543'44 123555 3521 4424544115341315.

A3232 4523154415 452324342244, 113414 11 4523355144113414 32243115 45231533, 13113315 4535 41114444 2434 113414 1332354415 51413534 452315 14151143 353214 55151143 353415 4523355144113414 
4415521534 23513414431514 113414 44155215344555-21245215. E3452244335341514 1255 45231533, 5323243215 452315 W353514331134 113414 452315 F1143331543 533543311514 5134231515141514, 
4523354415 455335 3521 452315 3211432215 25115344, 113414 4523354415 3545231543 455335 3521 452315 4132112434 113414 452315 21112443 2111131544, 45433514 53244523 44452443 153435512223, 
113414 13114343241514 4523152443 142452243415 432422234544 53244523 11 23242223 23113414. T235144 142414 452315 55151143 353415 4523355144113414 4415521534 23513414431514 113414 44155215344555-21245215 
13353414511345 4523152443 G43151145341544441544, 113414 33554324111444 3521 4433113232 134315114551431544-452315 134315114551431544 3521 45232444 132343353424133215 1133353422 452315 
43154445-1132353422 452315 4335111444 45231145 321155 121521354315 45231533.

I45 531144 452315 D35521543 43351114 45231145 321155, 3534 11 F4324141155 3424222345 32114515 2434 N35521533121543, 121521354315 452315 2124434445 3521 452315 41154344353444 53244523 
53233533 45232444 23244445354355 231144 1251442434154444. T2315 D35521543 43351114 321155, 1144 4535 232433, 121555353414 452315 D35521543 33112432, 
1144 2445 3251331215431514 5141 S233535451543'44 H243232. H15 531132311514 5141 23243232 2434 452315 33244315 1255 452315 44241415 3521 452315 33112432, 
1144 452315 43154445 3521 452315 41114444153422154344 142414; 343545 12151311514415 45231555 231114 452315 3215114445 431532244423 213543 53113231243422 1554154313244415, 
5134141543 452315 13244313513344451134131544, 125145 12151311514415 452315 23243232, 113414 452315 23114334154444, 113414 452315 335114, 113414 452315 33112432, 
53154315 113232 4435 2315115255, 45231145 452315 233543441544 231114 4523431515 4524331544 11324315111455 13353315 4535 11 44453541, 
12154424141544 35341315 14431153243422 452315 1335111323 111343354444 452315 43351114, 53244523 452315 3351452434355144 243445153445 3521 451131243422 2445 12111331 4535 B321113312315114523. 
R15243444 113414 53232441 113414 1335111323331134 113414 2251114314, 23355315521543, 2434 1335331224341145243534, 231114 43151114 45231145 11434524133215 3521 531143 5323241323 21354312111415 
11 41514341354415 354523154353244415 4445433534223255 2434 211152355143 3521 452315 1143225133153445, 45231145 44353315 1243514515 11342433113244 114315 153414511514 53244523 R1511443534; 
113414 452315 45151133 231114 1311412445513211451514 113414 4315455143341514 4535 4523152443 14514555.

W244523 1443353541243422 2315111444 113414 454315335132355144 4511243244, 45231555 331144231514 4523152443 531155 45234335512223 452315 4523241331 335114, 
2132355134141543243422 113414 444551331232243422 12154553151534 532324321544, 1144 2421 45231555 53154315 21113232243422 4535 412415131544 1145 452315 321143221543 253524344544. 
A44 3521451534 1144 452315 144324521543 431544451514 45231533 113414 12433551222345 45231533 4535 11 4445113414, 53244523 11 53114355 "W35-2335! 4435-2335-45231534!" 
452315 34151143 321511141543 522435321534453255 4423353531 232444 23151114 113414 15521543554523243422 51413534 2445-32243115 1134 513451445111323255 1533412311452413 2335434415, 
14153455243422 45231145 452315 1335111323 1335513214 1215 223545 5141 452315 23243232. W23153415521543 452315 321511141543 33111415 45232444 431145453215, 
452315 411144441534221543 44451143451514, 1144 11 34154352355144 411144441534221543 3324222345, 113414 531144 142444455143121514 2434 33243414.

T23154315 531144 11 4445151133243422 33244445 2434 113232 452315 23353232355344, 113414 2445 231114 433511331514 2434 244544 2135433235433434154444 5141 452315 23243232, 
32243115 1134 15522432 444124432445, 44151531243422 43154445 113414 21243414243422 34353415. A 133211333355 113414 243445153444153255 13353214 33244445, 
2445 33111415 244544 44323553 531155 45234335512223 452315 112443 2434 43244141321544 45231145 52244424123255 2135323235531514 113414 35521543444143151114 353415 11343545231543, 
1144 452315 5311521544 3521 1134 5134532335321544353315 441511 3324222345 1435. I45 531144 1415344415 153435512223 4535 44235145 355145 15521543554523243422 21433533 452315 3224222345 
3521 452315 1335111323-3211334144 125145 4523154415 244544 355334 5335433124342244, 113414 11 211553 5511431444 3521 43351114; 113414 452315 43151531 3521 452315 
321112355143243422 233543441544 44451511331514 24344535 2445, 1144 2421 45231555 231114 33111415 2445 113232.

T5335 3545231543 41114444153422154344, 12154424141544 452315 353415, 53154315 4132351414243422 5141 452315 23243232 1255 452315 44241415 3521 452315 33112432. 
A3232 4523431515 53154315 53431141411514 4535 452315 13231515311235341544 113414 35521543 452315 15114344, 113414 53354315 25111331-1235354544. 
N3545 353415 3521 452315 4523431515 1335513214 23115215 44112414, 21433533 1134554523243422 2315 441153, 53231145 152445231543 3521 452315 3545231543 455335 531144 32243115; 
113414 15111323 531144 232414141534 5134141543 113233354445 1144 33113455 5343114141154344 21433533 452315 15551544 3521 452315 33243414, 1144 21433533 452315 15551544 3521 452315 12351455, 
3521 232444 455335 13353341113424353444. I34 4523354415 14115544, 45431152153232154344 53154315 52154355 442355 3521 1215243422 133534212414153445241132 3534 11 4423354345 343545241315, 
213543 11345512351455 3534 452315 43351114 3324222345 1215 11 433512121543 3543 2434 321511225115 53244523 43351212154344. A44 4535 452315 321145451543, 
53231534 1552154355 41354445243422-2335514415 113414 113215-2335514415 1335513214 41433514511315 4435331512351455 2434 "452315 C114145112434'44" 411155, 
43113422243422 21433533 452315 3211341432354314 4535 452315 323553154445 444511123215 343534-1415441343244145, 2445 531144 452315 322431153224154445 4523243422 51413534 452315 1311431444. 
S35 452315 2251114314 3521 452315 D35521543 33112432 45233551222345 4535 23243344153221, 45231145 F4324141155 3424222345 2434 N35521533121543, 
353415 4523355144113414 4415521534 23513414431514 113414 44155215344555-21245215, 325133121543243422 5141 S233535451543'44 H243232, 
1144 2315 4445353514 3534 232444 355334 41114345241351321143 4115431323 121523243414 452315 33112432, 12151145243422 232444 21151545, 
113414 31151541243422 1134 155515 113414 11 23113414 3534 452315 114333-1323154445 121521354315 232433, 5323154315 11 323511141514 1232513414154312514444 321155 1145 452315 453541 
3521 442454 3543 1524222345 323511141514 2335434415-41244445353244, 141541354424451514 3534 11 44511244454311455133 3521 13514532114444.

T2315 D35521543 33112432 531144 2434 244544 5144511132 221534241132 4135442445243534 45231145 452315 2251114314 445144411513451514 452315 41114444153422154344, 
452315 41114444153422154344 445144411513451514 353415 11343545231543 113414 452315 2251114314, 45231555 113232 445144411513451514 155215435512351455 15324415, 
113414 452315 1335111323331134 531144 44514315 3521 34354523243422 125145 452315 233543441544; 1144 4535 5323241323 131145453215 2315 1335513214 53244523 11 1332151143 13353444132415341315 
23115215 4511311534 232444 35114523 3534 452315 455335 T154445113315344544 45231145 45231555 53154315 343545 212445 213543 452315 25355143341555.

T2315 1533412311452413 2335434415, 135145 4423354345 1255 452315 53232441 2434 11 33354445 14151324141514 3415221145245215, 33111415 11 14151324141514 4413431133123215 213543 2445, 
113414 452315 4523431515 3545231543 233543441544 2135323235531514 44512445. O341315 33354315, 452315 D35521543 33112432 444543512222321514 3534, 
53244523 452315 25111331-1235354544 3521 244544 41114444153422154344 444251114423243422 1132353422 1255 244544 44241415. T231555 231114 44453541411514 53231534 452315 1335111323 44453541411514, 
113414 45231555 31154145 1332354415 13353341113455 53244523 2445. I21 113455 353415 3521 452315 4523431515 231114 231114 452315 231143142423353514 4535 41433541354415 4535 11343545231543 4535 
53113231 3534 11 322445453215 1123151114 24344535 452315 33244445 113414 1411433134154444, 2315 5335513214 23115215 415145 23243344153221 2434 11 21112443 531155 3521 22154545243422 
44233545 243444451134453255 1144 11 23242223531155331134.

T2315 32114445 1251434445 13114343241514 452315 33112432 4535 452315 445133332445 3521 452315 23243232. T2315 233543441544 44453541411514 4535 12431511452315 1122112434, 
113414 452315 2251114314 223545 14355334 4535 44312414 452315 5323151532 213543 452315 14154413153445, 113414 35411534 452315 1335111323-14353543 4535 321545 452315 41114444153422154344 2434.

"T4445! J3515!" 1343241514 452315 1335111323331134 2434 11 53114334243422 5235241315, 32353531243422 14355334 21433533 232444 123554.
"W231145 1435 553551 441155, T3533?"
T231555 12354523 3224444515341514.
"I 441155 11 2335434415 1145 11 131134451543 133533243422 5141, J3515."
"I 441155 11 2335434415 1145 11 221132323541, T3533," 4315455143341514 452315 2251114314, 32151152243422 232444 23353214 3521 452315 14353543, 
113414 3335513445243422 342433123255 4535 232444 4132111315. "G1534453215331534! I34 452315 31243422'44 34113315, 113232 3521 553551!"
W244523 45232444 23514343241514 11142551431145243534, 2315 133513311514 232444 1232513414154312514444, 113414 4445353514 3534 452315 352121153444245215.
T2315 411144441534221543 123535311514 1255 45232444 23244445354355, 531144 3534 452315 1335111323-44451541, 22154545243422 2434; 452315 455335 3545231543 41114444153422154344 
53154315 1332354415 121523243414 232433, 113414 1112355145 4535 213532323553. H15 4315331124341514 3534 452315 44451541, 23113221 2434 452315 1335111323 113414 23113221 355145 3521; 
45231555 4315331124341514 2434 452315 43351114 1215323553 232433. T231555 113232 323535311514 21433533 452315 1335111323331134 4535 452315 2251114314, 
113414 21433533 452315 2251114314 4535 452315 1335111323331134, 113414 3224444515341514. T2315 1335111323331134 323535311514 12111331 113414 452315 2251114314 323535311514 12111331, 
113414 15521534 452315 1533412311452413 321511141543 41432413311514 5141 232444 15114344 113414 323535311514 12111331, 53244523355145 13353445431114241345243422.

T2315 444524323234154444 13353444154251153445 3534 452315 131544441145243534 3521 452315 4351331232243422 113414 321112355143243422 3521 452315 1335111323, 
1114141514 4535 452315 444524323234154444 3521 452315 3424222345, 33111415 2445 52154355 4251241545 243414151514. T2315 41113445243422 3521 452315 233543441544 133533335134241311451514 11 
454315335132355144 333545243534 4535 452315 1335111323, 1144 2421 2445 53154315 2434 11 4445114515 3521 112224451145243534. 
T2315 231511434544 3521 452315 41114444153422154344 12151145 32355114 153435512223 41154323114144 4535 1215 2315114314; 
125145 1145 113455 43114515, 452315 4251241545 4111514415 531144 11511424123255 15544143154444245215 3521 411535413215 355145 3521 124315114523, 
113414 23353214243422 452315 124315114523, 113414 231152243422 452315 415132441544 425124133115341514 1255 1554411513451145243534.

T2315 4435513414 3521 11 2335434415 1145 11 221132323541 13113315 21114445 113414 215143243551443255 5141 452315 23243232.
"S35-2335!" 452315 2251114314 44113422 355145, 1144 32355114 1144 2315 1335513214 43351143. "Y35 4523154315! S45113414! I 4423113232 21244315!"
T2315 41111315 531144 4451141415343255 13231513311514, 113414, 53244523 33511323 444132114423243422 113414 2132355134141543243422, 11 331134'44 5235241315 131132321514 21433533 452315 33244445, 
"I44 45231145 452315 D35521543 33112432?"
"N15521543 553551 33243414 53231145 2445 2444!" 452315 2251114314 4315453543451514. "W231145 114315 553551?"
"I44 45231145 452315 D35521543 33112432?"
"W2355 1435 553551 53113445 4535 31343553?"
"I 53113445 11 411144441534221543, 2421 2445 2444."
"W231145 411144441534221543?"
"M43. J1143522444 L35434355."

O5143 123535311514 411144441534221543 442335531514 2434 11 333533153445 45231145 2445 531144 232444 34113315. T2315 2251114314, 
452315 1335111323331134, 113414 452315 455335 3545231543 41114444153422154344 15551514 232433 14244445435144452151323255.

"K151541 5323154315 553551 114315," 452315 2251114314 131132321514 4535 452315 5235241315 2434 452315 33244445, 
"12151311514415, 2421 I 442335513214 33113115 11 33244445113115, 2445 1335513214 3415521543 1215 441545 4324222345 2434 55355143 3224211545243315. 
G1534453215331134 3521 452315 34113315 3521 L35434355 113444531543 4445431124222345."

"W231145 2444 452315 331145451543?" 1144311514 452315 411144441534221543, 45231534, 
53244523 332432143255 425111521543243422 444115151323. "W2335 5311344544 3315? I44 2445 J15434355?"

("I 143534'45 32243115 J15434355'44 5235241315, 2421 2445 2444 J15434355," 22433553321514 452315 2251114314 4535 23243344153221. 
"H15'44 23351143441543 45231134 4451244544 3315, 2444 J15434355.")

"Y1544, M43. L35434355."
"W231145 2444 452315 331145451543?"
"A 1415444111451323 44153445 1121451543 553551 21433533 35521543 553534141543. T. 113414 C35."
"I 31343553 45232444 331544441534221543, 2251114314," 44112414 M43. L35434355, 22154545243422 14355334 24344535 452315 43351114-1144442444451514 21433533 121523243414 33354315 
44532421453255 45231134 4135322445153255 1255 452315 3545231543 455335 41114444153422154344, 532335 2433331514241145153255 441343113312321514 24344535 452315 1335111323, 44235145 452315 14353543, 
113414 415132321514 5141 452315 532434143553. "H15 331155 13353315 1332354415; 4523154315'44 34354523243422 5343353422."
"I 23354115 4523154315 112434'45, 125145 I 131134'45 33113115 4435 'N1145243534 44514315 3521 45231145," 44112414 452315 2251114314, 2434 2243512121 443532243235425155. "H11323235 553551!"

"W153232! A3414 2311323235 553551!" 44112414 J15434355, 33354315 2335114344153255 45231134 121521354315. 
"C353315 3534 1145 11 2135354541111315! 14'5515 33243414 3315? A3414 2421 553551'5215 223545 2335324445154344 4535 45231145 441114143215 35' 5535514334, 
143534'45 321545 3315 441515 55355143 23113414 2235 34242223 '1533. F3543 I'33 11 1415522432 1145 11 4251241331 33244445113115, 
113414 53231534 I 33113115 353415 2445 4511311544 452315 21354333 3521 L151114. S35 343553 321545'44 32353531 1145 553551."
T2315 21242251431544 3521 11 2335434415 113414 4324141543 13113315 443235533255 45234335512223 452315 15141455243422 33244445, 113414 13113315 4535 452315 44241415 3521 452315 33112432, 
5323154315 452315 411144441534221543 4445353514. T2315 4324141543 44453535411514, 113414, 13114445243422 5141 232444 15551544 1145 452315 2251114314, 231134141514 452315 411144441534221543 
11 4433113232 213532141514 4111411543. T2315 4324141543'44 2335434415 531144 1232355334, 113414 12354523 2335434415 113414 4324141543 53154315 13355215431514 53244523 335114, 
21433533 452315 2335352144 3521 452315 2335434415 4535 452315 231145 3521 452315 331134.

"G51114314!" 44112414 452315 411144441534221543, 2434 11 45353415 3521 4251241545 1251442434154444 13353421241415341315.
T2315 5311451323215132 2251114314, 53244523 232444 4324222345 23113414 1145 452315 4445351331 3521 232444 431124441514 1232513414154312514444, 232444 32152145 1145 452315 121143431532, 
113414 232444 155515 3534 452315 2335434415331134, 1134445315431514 135143453255, "S2443."

"T23154315 2444 34354523243422 4535 114141431523153414. I 121532353422 4535 T153232443534'44 B113431. Y3551 33514445 31343553 T153232443534'44 B113431 2434 L3534143534. 
I 1133 2235243422 4535 P11432444 3534 1251442434154444. A 1343355334 4535 1443243431. I 331155 43151114 45232444?"

"I21 4435 1215 1144 553551'4315 4251241331, 442443."
H15 354115341514 2445 2434 452315 3224222345 3521 452315 1335111323-32113341 3534 45231145 44241415, 113414 43151114-2124434445 4535 23243344153221 113414 45231534 1132355114: 
"'W112445 1145 D35521543 213543 M1133'4415323215.' I45'44 343545 32353422, 553551 441515, 2251114314. J15434355, 441155 45231145 3355 113444531543 531144, R15131132321514 4535 32242115."

J15434355 44451143451514 2434 232444 441114143215. "T231145'44 11 B3211z243422 44454311342215 113444531543, 453535," 44112414 2315, 1145 232444 2335114344154445.
"T113115 45231145 33154444112215 12111331, 113414 45231555 53243232 31343553 45231145 I 4315131524521514 45232444, 1144 53153232 1144 2421 I 5343354515. 
M113115 452315 12154445 3521 55355143 531155. G353514 3424222345."

W244523 4523354415 5335431444 452315 411144441534221543 354115341514 452315 1335111323-14353543 113414 223545 2434; 343545 1145 113232 1144442444451514 1255 232444 211532323553-41114444153422154344, 
532335 231114 15544115142445243551443255 4415134315451514 4523152443 53114513231544 113414 415143441544 2434 4523152443 1235354544, 113414 53154315 343553 331131243422 11 22153415431132 4143154515341315 
3521 1215243422 114432151541. W244523 3435 33354315 1415212434244515 41514341354415 45231134 4535 154413114115 452315 2311z114314 3521 3543242224341145243422 113455 3545231543 31243414 3521 111345243534.

T2315 1335111323 3251331215431514 3534 1122112434, 53244523 23151152241543 53431511452344 3521 33244445 13323544243422 4335513414 2445 1144 2445 1215221134 452315 14154413153445. 
T2315 2251114314 44353534 4315413211131514 232444 1232513414154312514444 2434 232444 114333-1323154445, 113414, 231152243422 323535311514 4535 452315 43154445 3521 244544 1335344515344544, 
113414 231152243422 323535311514 4535 452315 44514141321533153445114355 41244445353244 45231145 2315 53354315 2434 232444 12153245, 323535311514 4535 11 44331132321543 1323154445 12153415114523 232444 44151145, 
2434 5323241323 4523154315 53154315 11 211553 4433244523'44 4535353244, 11 133551413215 3521 45354313231544, 113414 11 452434141543-123554. F3543 2315 531144 215143342444231514 53244523 45231145 
133533413215451534154444 45231145 2421 452315 1335111323-3211334144 231114 12151534 1232355334 113414 44453543331514 355145, 5323241323 142414 351313114424353411323255 231141411534, 2315 231114 35343255 
4535 44235145 23243344153221 5141 243444241415, 31151541 452315 2132243445 113414 4445151532 444111433144 53153232 352121 452315 4445431153, 113414 221545 11 3224222345 53244523 453532154311123215 
441121154555 113414 15114415 (2421 2315 53154315 3251133155) 2434 21245215 33243451451544. 

"A21451543 45231145 4523154315 221132323541 21433533 T1533413215 B1143, 353214 32111455, I 533534'45 4543514445 55355143 21354315-32152244 45243232 I 221545 553551 3534 452315 
3215521532," 44112414 45232444 233511434415 331544441534221543, 2232113413243422 1145 232444 33114315. "'R15131132321514 4535 32242115.' T231145'44 11 B3211z243422 44454311342215 33154444112215. 
M511323 3521 45231145 533551321434'45 1435 213543 553551, J15434355! I 441155, J15434355! Y3551'14 1215 2434 11 B3211z243422 121114 531155, 
2421 431513113232243422 4535 32242115 531144 4535 13353315 24344535 21114423243534, J15434355!" 

A 533534141543215132 21111345 4535 43152132151345 51413534, 45231145 1552154355 2351331134 1343151145514315 2444 1335344445244551451514 4535 1215 45231145 4143352135513414 441513431545 113414 33554445154355 4535 1552154355 3545231543. 
A 443532153334 13353444241415431145243534, 53231534 I 1534451543 11 2243151145 13244555 1255 3424222345, 45231145 1552154355 353415 3521 4523354415 141143313255 133251444515431514 233551441544 1534133235441544 
244544 355334 441513431545; 45231145 1552154355 43353533 2434 1552154355 353415 3521 45231533 1534133235441544 244544 355334 441513431545; 45231145 1552154355 12151145243422 2315114345 2434 452315 
2351341443151444 3521 452335514411341444 3521 12431511444544 4523154315, 2444, 2434 44353315 3521 244544 24331122243424342244, 11 441513431545 4535 452315 2315114345 34151143154445 2445! 
S3533154523243422 3521 452315 115321513234154444, 15521534 3521 D15114523 244544153221, 2444 431521154311123215 4535 45232444. N35 33354315 131134 I 45514334 452315 321511521544 3521 45232444 
14151143 12353531 45231145 I 3235521514, 113414 521124343255 23354115 2434 45243315 4535 43151114 2445 113232. N35 33354315 131134 I 32353531 24344535 452315 141541452344 3521 45232444 
513421114523353311123215 5311451543, 53231543152434, 1144 333533153445114355 322422234544 22321134131514 24344535 2445, I 23115215 231114 2232243341441544 3521 125143241514 4543151144514315 113414 
3545231543 452324342244 445112331543221514. I45 531144 114141352434451514 45231145 452315 12353531 442335513214 44235145 53244523 11 444143243422, 213543 15521543 113414 213543 15521543, 
53231534 I 231114 43151114 125145 11 41112215. I45 531144 114141352434451514 45231145 452315 5311451543 442335513214 1215 323513311514 2434 1134 15451543341132 2143354445, 
53231534 452315 3224222345 531144 41321155243422 3534 244544 44514321111315, 113414 I 4445353514 2434 242234354311341315 3534 452315 4423354315. M55 214324153414 2444 14151114, 
3355 341524222312355143 2444 14151114, 3355 32355215, 452315 14114332243422 3521 3355 44355132, 2444 14151114; 2445 2444 452315 24341554354311123215 13353444353224141145243534 113414 
411543411545511145243534 3521 452315 441513431545 45231145 531144 113253115544 2434 45231145 24341424522414511132244555, 113414 5323241323 I 4423113232 1311434355 2434 33243415 4535 3355 32242115'44 153414. 
I34 113455 3521 452315 125143241132-413211131544 3521 45232444 13244555 45234335512223 5323241323 I 41114444, 2444 4523154315 11 44321515411543 33354315 2434441343514511123215 45231134 244544 
12514455 2434231112244511344544 114315, 2434 4523152443 243434154333354445 4115434435341132244555, 4535 3315, 3543 45231134 I 1133 4535 45231533?

A44 4535 45232444, 232444 34114551431132 113414 343545 4535 1215 113224153411451514 2434231543244511341315, 452315 331544441534221543 3534 233543441512111331 231114 15541113453255 452315 
44113315 4135444415444424353444 1144 452315 K243422, 452315 2124434445 M24342444451543 3521 S45114515, 3543 452315 43241323154445 3315431323113445 2434 L3534143534. 
S35 53244523 452315 4523431515 41114444153422154344 44235145 5141 2434 452315 341143433553 13353341114444 3521 353415 325133121543243422 353214 33112432 1335111323; 
45231555 53154315 335544451543241544 4535 353415 11343545231543, 1144 1335334132154515 1144 2421 15111323 231114 12151534 2434 232444 355334 1335111323 113414 442454, 
3543 232444 355334 1335111323 113414 4424544555, 53244523 452315 12431511144523 3521 11 133551344555 12154553151534 232433 113414 452315 34155445.

T2315 331544441534221543 43351415 12111331 1145 1134 15114455 45433545, 4445354141243422 414315454555 3521451534 1145 113215-233551441544 1255 452315 531155 4535 1443243431, 
125145 1552243413243422 11 4515341415341355 4535 31151541 232444 355334 13355134441532, 113414 4535 31151541 232444 231145 133513311514 35521543 232444 15551544. H15 231114 15551544 
45231145 1144443543451514 52154355 53153232 53244523 45231145 14151335431145243534, 1215243422 3521 11 44514321111315 1232111331, 53244523 3435 1415414523 2434 452315 133532355143 3543 21354333, 
113414 33511323 453535 34151143 4535221545231543-1144 2421 45231555 53154315 112143112414 3521 1215243422 2135513414 355145 2434 443533154523243422, 442434223255, 2421 45231555 31154145 453535 211143 1141114345. 
T231555 231114 11 4424342444451543 15544143154444243534, 5134141543 1134 353214 133513311514-231145 32243115 11 4523431515-1335433415431514 4441244545353534, 113414 35521543 11 2243151145 33512121321543 
213543 452315 13232434 113414 452343351145, 5323241323 141544131534141514 341511433255 4535 452315 531511431543'44 3134151544. W231534 2315 44453541411514 213543 1443243431, 2315 3335521514 45232444 33512121321543 
53244523 232444 32152145 23113414, 35343255 5323243215 2315 413551431514 232444 322442513543 2434 53244523 232444 4324222345; 1144 44353534 1144 45231145 531144 14353415, 2315 33512121321514 1122112434.

"N35, J15434355, 3435!" 44112414 452315 331544441534221543, 23114341243422 3534 353415 4523153315 1144 2315 43351415. "I45 533551321434'45 1435 213543 553551, J15434355. 
J15434355, 553551 233534154445 454311141544331134, 2445 533551321434'45 44512445 55355143 32243415 3521 1251442434154444! R15131132321514-! B514445 3315 2421 I 143534'45 4523243431 2315'14 12151534 11 1443243431243422!"
H2444 33154444112215 411543413215541514 232444 33243414 4535 45231145 141522431515 45231145 2315 531144 21112434, 44155215431132 4524331544, 4535 45113115 352121 232444 231145 4535 44134311451323 232444 23151114. 
E5413154145 3534 452315 1343355334, 5323241323 531144 4311222215143255 12113214, 2315 231114 4445242121, 1232111331 23112443, 4445113414243422 2511222215143255 113232 35521543 2445, 
113414 22433553243422 14355334 23243232 113233354445 4535 232444 1243351114, 1232513445 34354415. I45 531144 4435 32243115 S33244523'44 53354331, 4435 33511323 33354315 32243115 452315 453541 3521 11 
4445433534223255 444124311514 53113232 45231134 11 23151114 3521 23112443, 45231145 452315 12154445 3521 41321155154344 1145 32151141-21433522 3324222345 23115215 1415133224341514 232433, 
1144 452315 33354445 141134221543355144 331134 2434 452315 5335433214 4535 2235 35521543.

W23243215 2315 45433545451514 12111331 53244523 452315 33154444112215 2315 531144 4535 14153224521543 4535 452315 3424222345 5311451323331134 2434 232444 123554 1145 452315 14353543 3521 T153232443534'44 B113431, 
1255 T1533413215 B1143, 532335 531144 4535 14153224521543 2445 4535 22431511451543 1151452335432445241544 532445232434, 452315 44231114355344 3521 452315 3424222345 45353531 44511323 442311411544 
4535 232433 1144 1143354415 355145 3521 452315 33154444112215, 113414 45353531 44511323 442311411544 4535 452315 33114315 1144 1143354415 355145 3521 231543 41432452114515 453541241344 3521 51341511442434154444. 
T231555 441515331514 4535 1215 3451331543355144, 213543 442315 4423241514 1145 1552154355 442311143553 3534 452315 43351114.

W231145 45243315, 452315 33112432-1335111323 3251331215431514, 253532451514, 43114545321514, 113414 125133411514 51413534 244544 45151424355144 531155, 
53244523 244544 4523431515 211532323553-243444134351451112321544 243444241415. T35 53233533, 3224311553244415, 452315 44231114355344 3521 452315 3424222345 4315521511321514 45231533441532521544, 
2434 452315 2135433344 4523152443 1435z243422 15551544 113414 531134141543243422 4523355122234544 445122221544451514.

T153232443534'44 B113431 231114 11 435134 51413534 2445 2434 452315 33112432. A44 452315 12113431 411144441534221543-53244523 1134 114333 1443115334 45234335512223 452315 3215114523154334 4445431141, 
5323241323 142414 53231145 321155 2434 2445 4535 31151541 232433 21433533 4135513414243422 11221124344445 452315 34155445 411144441534221543, 113414 14432452243422 232433 24344535 232444 133543341543, 
5323153415521543 452315 1335111323 223545 11 44411513241132 25353245-343514141514 2434 232444 4132111315, 53244523 23113221-44235145 15551544, 452315 322445453215 1335111323-53243414355344, 
113414 452315 1335111323-32113341 1424333255 2232151133243422 45234335512223 45231533, 113414 452315 1251323155 125134143215 3521 3541413544244515 411144441534221543, 121513113315 452315 12113431, 
113414 142414 11 2243151145 444543353115 3521 1251442434154444. T2315 431145453215 3521 452315 23114334154444 531144 452315 1323243431 3521 3335341555, 113414 33354315 144311214544 53154315 
2335343551431514 2434 21245215 33243451451544 45231134 15521534 T153232443534'44, 53244523 113232 244544 21354315242234 113414 23353315 13353434151345243534, 15521543 41112414 2434 452343241315 452315 45243315. 
T231534 452315 444543353422-4335353344 5134141543224335513414, 1145 T153232443534'44, 53244523 44511323 3521 4523152443 5211325111123215 444535431544 113414 44151343154544 1144 53154315 3134355334 4535 
452315 411144441534221543 (113414 2445 531144 343545 11 322445453215 45231145 2315 31341553 1112355145 45231533), 354115341514 121521354315 232433, 113414 2315 53153445 2434 1133353422 45231533 53244523 452315 
2243151145 31155544 113414 452315 211515123255-12514334243422 131134143215, 113414 2135513414 45231533 44112115, 113414 444543353422, 113414 4435513414, 113414 4445243232, 25514445 1144 2315 231114 32114445 44151534 45231533.

B5145, 452335512223 452315 12113431 531144 113233354445 113253115544 53244523 232433, 113414 452335512223 452315 1335111323 (2434 11 1335342151441514 531155, 32243115 452315 4143154415341315 3521 
41112434 5134141543 1134 354124114515) 531144 113253115544 53244523 232433, 4523154315 531144 11343545231543 13514343153445 3521 24334143154444243534 45231145 3415521543 131511441514 4535 435134, 113232 
45234335512223 452315 3424222345. H15 531144 3534 232444 531155 4535 142422 44353315 353415 355145 3521 11 2243115215.

N3553, 5323241323 3521 452315 335132452445511415 3521 2111131544 45231145 442335531514 45231533441532521544 121521354315 232433 531144 452315 45435115 21111315 3521 452315 125143241514 411543443534, 
452315 44231114355344 3521 452315 3424222345 142414 343545 2434142413114515; 125145 45231555 53154315 113232 452315 2111131544 3521 11 331134 3521 21245215-113414-2135434555 1255 5515114344, 
113414 45231555 1424212115431514 4143243413244111323255 2434 452315 4111444424353444 45231555 155441431544441514, 113414 2434 452315 2223114445322434154444 3521 4523152443 53354334 113414 531144451514 4445114515. 
P43241415, 1335344515334145, 1415212411341315, 444551121235433434154444, 44511233244444243534, 3211331534451145243534, 445113131515141514 353415 11343545231543; 
4435 142414 521143241545241544 3521 445134311534 1323151531, 13111411521543355144 133532355143, 153311132411451514 2311341444 113414 21242251431544. 
B5145 452315 21111315 531144 2434 452315 33112434 353415 21111315, 113414 1552154355 23151114 531144 4143153311455143153255 5323244515. 
A 23513414431514 4524331544 452315 1435z243422 411144441534221543 2434425124431514 3521 45232444 44411513454315:

T2315 11344453154344 4535 45232444 4251154445243534 53154315 52114324355144 113414 13353445431114241345354355. 
S3533154524331544 452315 124335311534 4315413255 531144, "W112445! I45 5335513214 31243232 3315 2421 I 441153 231543 453535 44353534." 
S3533154524331544, 2445 531144 2224521534 2434 11 451534141543 43112434 3521 4515114344, 113414 45231534 2445 531144, "T113115 3315 4535 231543." 
S3533154524331544 2445 531144 44451143243422 113414 12155324321415431514, 113414 45231534 2445 531144, "I 143534'45 31343553 231543. I 143534'45 51341415434445113414."

A21451543 44511323 243311222434114355 142444133551434415, 452315 411144441534221543 2434 232444 2111341355 5335513214 142422, 113414 142422, 
142422-343553 53244523 11 4441111415, 343553 53244523 11 2243151145 311555, 343553 53244523 232444 2311341444-4535 142422 45232444 5343154513231514 1343151145514315 355145. 
G3545 355145 1145 32114445, 53244523 1511434523 23113422243422 1112355145 232444 21111315 113414 23112443, 2315 5335513214 4451141415343255 211134 11531155 4535 14514445. 
T2315 411144441534221543 5335513214 45231534 4445114345 4535 23243344153221, 113414 3235531543 452315 532434143553, 4535 221545 452315 43151132244555 3521 33244445 113414 43112434 3534 232444 1323151531.

Y1545 15521534 53231534 232444 15551544 53154315 354115341514 3534 452315 33244445 113414 43112434, 3534 452315 333552243422 4111451323 3521 3224222345 21433533 452315 3211334144, 
113414 452315 2315142215 1145 452315 4335111444241415 43154543151145243422 1255 2515433144, 452315 3424222345 44231114355344 35514544241415 452315 1335111323 5335513214 21113232 24344535 452315 4543112434 
3521 452315 3424222345 44231114355344 532445232434. T2315 43151132 B113431243422-2335514415 1255 T1533413215 B1143, 452315 43151132 1251442434154444 3521 452315 41114445 141155, 
452315 43151132 444543353422 4335353344, 452315 43151132 15544143154444 44153445 1121451543 232433, 113414 452315 43151132 33154444112215 4315455143341514, 5335513214 113232 1215 4523154315. 
O5145 3521 452315 3324144445 3521 45231533, 452315 22233544453255 21111315 5335513214 43244415, 113414 2315 5335513214 111313354445 2445 1122112434.

H15 32355315431514 452315 532434143553, 113414 323535311514 355145 1145 452315 432444243422 445134. 
T23154315 531144 11 4324142215 3521 4132355122231514 32113414, 53244523 11 413235512223 51413534 2445 5323154315 2445 231114 12151534 32152145 32114445 3424222345 53231534 452315 233543441544 53154315 51345535311514; 
121555353414, 11 4251241545 13354141241315-53353514, 2434 5323241323 33113455 321511521544 3521 12514334243422 431514 113414 223532141534 551532323553 4445243232 4315331124341514 51413534 452315 4543151544. 
T2335512223 452315 1511434523 531144 13353214 113414 531545, 452315 443155 531144 1332151143, 113414 452315 445134 43354415 124324222345, 413211132414, 113414 121511514524215132.

"E24222345151534 5515114344!" 44112414 452315 411144441534221543, 32353531243422 1145 452315 445134. 
"G43111324355144 C431511453543 3521 141155! 
T35 1215 125143241514 1132245215 213543 1524222345151534 5515114344!" 

W231534 452315 33112432 223545 445113131544442151323255 4535 D35521543, 2434 452315 133551434415 3521 452315 2135431534353534, 452315 23151114 144311531543 1145 452315 R35551132 G1535432215 H35451532 
354115341514 452315 1335111323-14353543 1144 232444 135144453533 531144. H15 142414 2445 53244523 44353315 2132355143244423 3521 1315431533353455, 213543 11 33112432 25355143341555 21433533 L3534143534 
2434 532434451543 531144 1134 1113232415521533153445 4535 133534224311455132114515 1134 1114521534455143355144 454311521532321543 51413534.

B55 45231145 45243315, 4523154315 531144 35343255 353415 1114521534455143355144 454311521532321543 32152145 1215 13353422431145513211451514: 213543 452315 455335 354523154344 231114 12151534 441545 14355334 
1145 4523152443 43154441151345245215 4335111444241415 141544452434114524353444. T2315 33243214155355 243444241415 3521 452315 1335111323, 53244523 244544 14113341 113414 1424434555 4445431153, 
244544 142444112243151511123215 4433153232, 113414 244544 351244135143244555, 531144 431145231543 32243115 11 321143221543 143522-311534341532. M43. L35434355, 452315 411144441534221543, 
44231131243422 23243344153221 355145 3521 2445 2434 132311243444 3521 4445431153, 11 451134223215 3521 442311222255 53431141411543, 2132114141243422 231145, 113414 3351141455 32152244, 
531144 431145231543 32243115 11 321143221543 44354345 3521 143522.

"T23154315 53243232 1215 11 411113311545 4535 C1132112444, 4535333543433553, 144311531543?"
"Y1544, 442443, 2421 452315 53151145231543 2335321444 113414 452315 53243414 44154544 453532154311123215 21112443. T2315 45241415 53243232 4415435215 414315454555 342413153255 1145 
1112355145 455335 2434 452315 112145154334353534, 442443. B1514, 442443?"
"I 4423113232 343545 2235 4535 121514 45243232 3424222345; 125145 I 53113445 11 12151443353533, 113414 11 121143121543."
"A3414 45231534 124315113121114445, 442443? Y1544, 442443. T231145 531155, 442443, 2421 553551 413215114415. S233553 C353413354314! G1534453215331134'44 521132244415 113414 233545 5311451543 4535 C353413354314. 
P513232 352121 221534453215331134'44 1235354544 2434 C353413354314. (Y3551 53243232 21243414 11 21243415 441511-13351132 21244315, 442443.) F15451323 121143121543 4535 C353413354314. 
S452443 1112355145 4523154315, 343553, 213543 C353413354314!"

T2315 C353413354314 121514-13231133121543 1215243422 113253115544 1144442422341514 4535 11 411144441534221543 1255 452315 33112432, 
113414 41114444153422154344 1255 452315 33112432 1215243422 113253115544 23151152243255 53431141411514 5141 21433533 23151114 4535 21353545, 
452315 43353533 231114 452315 351414 2434451543154445 213543 452315 15444511123224442333153445 3521 452315 R35551132 G1535432215, 45231145 1132452335512223 125145 353415 31243414 3521 331134 531144 
44151534 4535 2235 24344535 2445, 113232 3124341444 113414 521143241545241544 3521 331534 13113315 355145 3521 2445. C3534441542511534453255, 11343545231543 144311531543, 
113414 455335 41354345154344, 113414 44155215431132 3311241444 113414 452315 3211341432111455, 53154315 113232 323524451543243422 1255 1113132414153445 1145 
52114324355144 413524344544 3521 452315 43351114 12154553151534 452315 C353413354314 113414 452315 133521211515-43353533, 53231534 11 221534453215331134 3521 4424544555, 
2135433311323255 14431544441514 2434 11 1243355334 44512445 3521 13323545231544, 414315454555 53153232 53354334, 125145 52154355 53153232 31154145, 
53244523 3211432215 444251114315 1351212144 113414 3211432215 2132114144 4535 452315 41351331154544, 411144441514 1132353422 3534 232444 531155 4535 232444 124315113121114445.

T2315 133521211515-43353533 231114 3435 3545231543 3513135141113445, 45231145 2135431534353534, 45231134 452315 221534453215331134 2434 1243355334. 
H2444 124315113121114445-4511123215 531144 1443115334 121521354315 452315 21244315, 113414 1144 2315 441145, 53244523 244544 3224222345 44232434243422 3534 232433, 
53112445243422 213543 452315 33151132, 2315 441145 4435 4445243232, 45231145 2315 3324222345 23115215 12151534 44244545243422 213543 232444 4135434543112445.

V154355 35431415433255 113414 33154523351424131132 2315 323535311514, 53244523 11 23113414 3534 15111323 31341515, 113414 11 32355114 5311451323 45241331243422 11 4435343543355144 441543333534 
5134141543 232444 21321141411514 5311244445-13351145, 1144 452335512223 2445 412445451514 244544 22431152244555 113414 323534221552244555 11221124344445 452315 321552244555 113414 
1552113415441315341315 3521 452315 1243244431 21244315. H15 231114 11 22353514 321522, 113414 531144 11 322445453215 52112434 3521 2445, 213543 232444 1243355334 444535133124342244 212445451514 
4432151531 113414 1332354415, 113414 53154315 3521 11 21243415 45155445514315; 232444 4423351544 113414 12511331321544, 453535, 452335512223 4132112434, 53154315 45432433. H15 53354315 1134 
351414 322445453215 4432151531 1343244441 213211541534 532422, 44154545243422 52154355 1332354415 4535 232444 23151114: 5323241323 532422, 2445 2444 4535 1215 4143154451331514, 531144 33111415 3521 23112443, 
125145 5323241323 323535311514 211143 33354315 1144 452335512223 2445 53154315 44415134 21433533 212432113315344544 3521 44243231 3543 2232114444. H2444 3224341534, 452335512223 343545 3521 11 
2124341534154444 2434 11131335431411341315 53244523 232444 444535133124342244, 531144 1144 5323244515 1144 452315 45354144 3521 452315 5311521544 45231145 1243353115 51413534 452315 341524222312355143243422 1215111323, 
3543 452315 444115133144 3521 44112432 45231145 22322434451514 2434 452315 4451343224222345 211143 1145 441511. A 21111315 23111224455111323255 44514141431544441514 113414 42512415451514, 531144 4445243232 
32242223451514 5141 5134141543 452315 425111243445 532422 1255 11 41112443 3521 3335244445 124324222345 15551544 45231145 2445 33514445 23115215 13354445 4523152443 3553341543, 2434 5515114344 22353415 1255, 
44353315 4111243444 4535 1443243232 4535 452315 1335334135441514 113414 4315441543521514 15544143154444243534 3521 T153232443534'44 B113431. H15 231114 11 23151132452355 133532355143 2434 232444 132315153144, 
113414 232444 21111315, 452335512223 3224341514, 12354315 211553 454311131544 3521 11345424154555. B5145, 41154323114144 452315 133534212414153445241132 1211132315323543 133215433144 2434 T153232443534'44 B113431 
53154315 4143243413244111323255 3513135141241514 53244523 452315 1311431544 3521 3545231543 411535413215; 113414 41154323114144 441513353414-23113414 1311431544, 32243115 441513353414-23113414 13323545231544, 
13353315 151144243255 352121 113414 3534. 

C353341321545243422 232444 4315441533123211341315 4535 11 331134 532335 531144 44244545243422 213543 232444 4135434543112445, M43. L35434355 14433541411514 352121 4535 4432151541. 
T2315 11434324521132 3521 232444 124315113121114445 433551441514 232433, 113414 2315 44112414 4535 452315 144311531543, 1144 2315 3335521514 232444 1323112443 4535 2445:
"I 53244423 11131335333335141145243534 4143154111431514 213543 11 5535513422 32111455 532335 331155 13353315 23154315 1145 113455 45243315 4535-141155. S2315 331155 114431 213543 M43. J1143522444 L35434355, 
3543 442315 331155 35343255 114431 213543 11 221534453215331134 21433533 T153232443534'44 B113431. P3215114415 4535 321545 3315 31343553."
"Y1544, 442443. T153232443534'44 B113431 2434 L3534143534, 442443?"
"Y1544."
"Y1544, 442443. W15 23115215 35214515344524331544 452315 233534355143 4535 153445154345112434 55355143 221534453215331534 2434 4523152443 45431152153232243422 121113315311431444 113414 
2135435311431444 12154553245445 L3534143534 113414 P11432444, 442443. A 52114445 14151132 3521 45431152153232243422, 
442443, 2434 T153232443534 113414 C353341113455'44 H35514415."
"Y1544. W15 114315 4251244515 11 F4315341323 H35514415, 1144 53153232 1144 1134 E342232244423 353415."
"Y1544, 442443. N3545 33511323 2434 452315 2311122445 3521 44511323 45431152153232243422 5535514344153221, I 4523243431, 442443?"
"N3545 3521 32114515 5515114344. I45 2444 21242145151534 5515114344 4424341315 5315-4424341315 I-13113315 32114445 21433533 F4311341315."
"I3414151514, 442443? T231145 531144 121521354315 3355 45243315 23154315, 442443. B1521354315 355143 411535413215'44 45243315 23154315, 442443. 
T2315 G1535432215 531144 2434 3545231543 2311341444 1145 45231145 45243315, 442443."
"I 12153224155215 4435."
"B5145 I 5335513214 23353214 11 414315454555 5311221543, 442443, 45231145 11 H35514415 32243115 T153232443534 113414 C353341113455 531144 2132355143244423243422, 
11 331145451543 3521 2124214555, 343545 4535 4441151131 3521 21242145151534 5515114344 112235?"
"Y3551 3324222345 454315123215 45231145, 113414 441155 11 23513414431514 113414 2124214555, 551545 343545 1215 211143 21433533 452315 4543514523."
"I3414151514, 442443!"
